[cam_0]
name = "A"
size = [ 1920, 1080,]
matrix = [[1119.099555650724,0.0,905.9619429837335],
        [0.0,1127.4826657371805,505.29829639801926],
        [0.0,0.0,1.0]]
distortions =[0.08397078397127399,
          -0.22778022181719587,
          -0.016761143549753773,
          -0.002294505589027743,
          0.08443361521333491]
rotation = [ 0,0,0,]
translation = [ 0,0,0,]

[cam_1]
name = "B"
size = [ 1920, 1080,]
matrix = [[1117.1635365611824,0.0,899.7630544389426],
[0.0,1116.8894526873682,506.23661607963186],
[0.0,0.0,1.0]]
distortions = [
          0.05853643794411765,
          -0.15401105789389646,
          -0.008724726918353215,
          -0.001975047371151891,
          0.03404999888227407
        ]
rotation = [-0.16643393, -1.35324496, -1.0662183]
translation = [1832.5812268136406,-1266.3380704297474,1493.5944778773571,]

[metadata]
