[cam_0]
name = "A"
size = [ 1920, 1080,]
matrix = [ [ 1188.756307798869, 0.0, 959.5,], [ 0.0, 1188.756307798869, 539.5,], [ 0.0, 0.0, 1.0,],]
distortions = [ -0.06975357960594548, 0.0, 0.0, 0.0, 0.0,]
rotation = [ -0.008180359826573941, -0.00025507251590135767, 0.002226384595156636,]
translation = [ 2.0798110859692693, -21.195290715086884, 81.04918003604543,]

[cam_1]
name = "B"
size = [ 1920, 1080,]
matrix = [ [ 1193.1563243127273, 0.0, 959.5,], [ 0.0, 1193.1563243127273, 539.5,], [ 0.0, 0.0, 1.0,],]
distortions = [ 0.008864346879524018, 0.0, 0.0, 0.0, 0.0,]
rotation = [ 0.047365472602102374, -1.3468713655927538, -1.1874878850322867,]
translation = [ 1699.8491118990673, -1505.1006837581956, 1630.270054581465,]


[metadata]
