[cam_0]
name = "A"
size = [ 1920, 1080,]
matrix = [ [ 881.4824648777845, 0.0, 959.5,], [ 0.0, 881.4824648777845, 539.5,], [ 0.0, 0.0, 1.0,],]
distortions = [ 0.05876311950537915, 0.0, 0.0, 0.0, 0.0,]
rotation = [ 0.017079042419010055, 0.0033473223015009065, -0.05756267662517529,]
translation = [ -8.277762557833354, 63.47412469453332, -575.6523046005043,]

[cam_1]
name = "B"
size = [ 1920, 1080,]
matrix = [ [ 861.520974954382, 0.0, 959.5,], [ 0.0, 861.520974954382, 539.5,], [ 0.0, 0.0, 1.0,],]
distortions = [ 0.04300063953188333, 0.0, 0.0, 0.0, 0.0,]
rotation = [ -0.0868974975686593, -1.0932089892485404, -1.2252960120719842,]
translation = [ 1688.1835681852328, -1280.9677428477623, 562.143598627495,]

[metadata]
